0605 2
0610 5
0611 5
0618 3
0622 4
0626 2
0628 1
0701 10
0704 2
0716 2
0730 2
0731 2
0801 1
0805 5
0815 3
0816 2
0817 3
0818 9
0819 3
0820 1
0821 2
0823 2
0825 8
0826 10
0827 6
0829 2
0830 7
0831 1
0901 5
0902 9
0903 6
0904 3
0905 3
0906 3
0907 5
0908 11
0909 6
0910 7
0911 4
0912 3
0000 0
0914 3
0915 8
0916 5
0917 8
0920 2
0921 5
0922 7
0924 8
0926 2
0929 7
0930 5
1001 3
0000 0
1002 4
1003 2
1004 4
1005 3
1006 12
1007 10
1008 6
1009 3
1010 8
1011 8
1012 3
1013 5
1014 2
1015 5
1019 3
1020 7
1021 8
1022 5
1026 3
1027 6
1028 5
1029 7
1103 5
1109 4
1110 6
1111 4
1112 5
1116 3
1117 6
1123 2
1124 6
1125 5
1126 6
